neighbour.tar_indices=
[0, 1, 2, 3, 4, 5, 6, 285, 7, 9, 10, 11, 12, 13, 8, 14, 15, 16, 17, 18, 19, 20, 21, 22, 24, 25, 26, 27, 28, 23, 30, 31, 32, 33, 34, 35, 36, 37, 38, 39, 40, 41, 42, 43, 44, 45, 46, 29, 47, 48, 49, 50, 51, 52, 53, 54, 55, 58, 56, 57, 59, 60, 61, 62, 63, 64, 65, 66, 67, 68, 69, 70, 71, 72, 73, 74, 75, 76, 77, 78, 79, 80, 81, 82, 84, 85, 83, 86, 87, 89, 90, 91, 88, 92, 93, 94, 96, 97, 98, 99, 100, 101, 102, 103, 104, 105, 106, 109, 107, 108, 110, 111, 112, 113, 114, 115, 116, 117, 118, 119, 120, 121, 122, 123, 124, 125, 126, 127, 128, 129, 130, 131, 132, 133, 134, 135, 136, 137, 138, 181, 139, 140, 141, 142, 143, 144, 145, 146, 147, 148, 149, 150, 151, 152, 154, 153, 155, 157, 158, 156, 159, 160, 161, 162, 163, 165, 164, 166, 167, 169, 171, 170, 168, 172, 173, 174, 175, 176, 177, 180, 178, 179, 182, 183, 184, 186, 185, 187, 188, 189, 190, 191, 192, 194, 193, 195, 196, 197, 198, 199, 201, 202, 203, 204, 207, 205, 206, 209, 208, 216, 210, 211, 212, 213, 214, 215, 217, 218, 219, 220, 228, 221, 222, 223, 225, 224, 226, 227, 230, 229, 231, 232, 236, 233, 234, 235, 237, 238, 241, 239, 240, 242, 243, 249, 244, 245, 246, 247, 248, 251, 250, 252, 256, 253, 254, 255, 95, 257, 258, 259, 260, 261, 262, 263, 264, 200, 266, 267, 268, 269, 270, 271, 272, 273, 265, 275, 276, 277, 278, 279, 274, 281, 282, 280, 284, 283, 286, 287, 288, 289, 290, 291, 292, 293, 294, 295, 296, 297, 298, 299]
src_pc=
[[ -9.43564892e+00  -9.45325037e+00  -9.44621428e+00  -9.44121494e+00
   -9.42321527e+00  -9.43164348e+00  -9.41445085e+00  -9.43237405e+00
   -3.70761875e+00  -3.57485217e+00  -3.49842667e+00  -3.42079518e+00
   -3.41245265e+00  -3.44447678e+00  -3.46123287e+00  -3.64700640e+00
   -3.80319431e+00  -4.00463623e+00  -4.18336393e+00  -4.37726959e+00
   -4.67102907e+00  -4.85332156e+00  -5.22106624e+00  -5.63133197e+00
   -5.94674108e+00  -5.97884025e+00  -5.87762198e+00  -5.75350577e+00
   -5.63847857e+00  -5.48731166e+00  -5.40710537e+00  -5.28418088e+00
   -5.15094411e+00  -5.04488264e+00  -4.91381266e+00  -4.81205275e+00
   -4.70034698e+00  -4.59445504e+00  -4.47047936e+00  -4.38543531e+00
   -4.26460900e+00  -4.14890401e+00  -4.04927306e+00  -3.94112074e+00
   -3.82753980e+00  -3.72678378e+00  -3.62616307e+00  -3.51010986e+00
   -3.41807701e+00  -1.88620785e+00  -3.18168243e+00  -2.88527971e+00
   -2.64652953e+00  -2.34215023e+00  -2.03849625e+00  -1.79364780e+00
   -1.60997571e+00  -1.43197602e+00  -1.28144078e+00  -1.15511445e+00
   -1.02467524e+00  -9.23463686e-01  -8.23163689e-01  -7.19407607e-01
   -6.34984374e-01  -5.57719133e-01  -4.74919766e-01  -4.15507365e-01
   -3.47046668e-01  -2.87874050e-01  -2.28016266e-01  -1.74873102e-01
   -1.24821659e-01  -7.82659554e-02  -3.23223604e-02   1.04800646e-02
    5.06254269e-02   9.07643145e-02   1.28851657e-01   1.63462930e-01
    1.98246355e-01   2.30984467e-01   2.69829821e-01   2.92032452e-01
    3.21766639e-01   3.52619324e-01   3.86563315e-01   4.17518718e-01
    4.38399095e-01   4.57138767e-01   4.86474773e-01   5.09691850e-01
    5.42941474e-01   5.68210635e-01   5.90273123e-01   6.09521598e-01
    6.09438328e-01   6.38748359e-01   6.73725969e-01   7.05848169e-01
    7.33038605e-01   7.40129812e-01   7.40998831e-01   7.59436466e-01
    7.91667813e-01   8.10181631e-01   8.44289796e-01   8.68379563e-01
    8.84890683e-01   8.72473893e-01   8.88207475e-01   9.05472929e-01
    9.47185468e-01   9.64384826e-01   9.93877989e-01   1.01125992e+00
    1.02722183e+00   1.04638533e+00   1.04949699e+00   1.06211564e+00
    1.08462049e+00   1.11426218e+00   1.11884380e+00   1.15528637e+00
    1.17036241e+00   1.18764995e+00   1.19841259e+00   1.22043301e+00
    1.23677408e+00   1.25825114e+00   1.29105155e+00   1.30817051e+00
    1.31801487e+00   1.33157509e+00   1.35637916e+00   1.38071777e+00
    1.36389670e+00   1.37537778e+00   1.36281803e+00   1.37179572e+00
    1.24709792e+00   1.23093900e+00   1.20664443e+00   1.19428492e+00
    1.18899497e+00   1.08903205e+00   1.05119880e+00   1.04285539e+00
    1.03931439e+00   1.02618561e+00   1.02113118e+00   9.97218434e-01
    9.16461989e-01   8.77821890e-01   8.70809166e-01   8.74256598e-01
    8.41361683e-01   8.30226920e-01   8.37582274e-01   8.32042802e-01
    7.79774136e-01   7.67231427e-01   7.27303215e-01   7.21610155e-01
    7.11488380e-01   6.86495520e-01   6.93354549e-01   6.76512897e-01
    6.82240402e-01   6.43994137e-01   6.42972404e-01   6.25958166e-01
    6.33887556e-01   6.11503723e-01   6.00438085e-01   5.79742303e-01
    5.70594668e-01   5.47337148e-01   5.38687530e-01   5.25307265e-01
    5.31468262e-01   5.11442298e-01   4.83326952e-01   4.77651470e-01
    4.59531023e-01   4.52993598e-01   4.48631768e-01   4.28900709e-01
    4.31271633e-01   4.23112335e-01   4.31173606e-01   4.13907222e-01
    3.98628423e-01   3.79628067e-01   3.88939125e-01   3.75447533e-01
    3.57658819e-01   3.29437544e-01   3.24860573e-01   3.10065152e-01
    3.02850946e-01   2.88352198e-01   2.90364490e-01   2.77394505e-01
    2.69920211e-01   2.65009484e-01   2.49108267e-01   2.44555094e-01
    2.29562500e-01   2.21374159e-01   1.96838106e-01   1.90952303e-01
    1.74850310e-01   1.58978435e-01   1.51617225e-01   1.33536264e-01
    1.20031203e-01   1.09474667e-01   9.76897319e-02   8.34714496e-02
    7.19862438e-02   5.47488267e-02   3.79436682e-02   2.11615929e-02
    4.22321477e-03  -1.29496208e-02  -3.00892744e-02  -4.84226652e-02
   -6.89055493e-02  -9.23591717e-02  -1.13428100e-01  -1.34760097e-01
   -1.58376020e-01  -1.77904172e-01  -2.05012230e-01  -2.23784623e-01
   -2.60108685e-01  -2.98150102e-01  -3.26026113e-01  -3.55938577e-01
   -3.86132749e-01  -4.18031182e-01  -4.69285285e-01  -5.20082870e-01
   -5.66710674e-01  -6.09438535e-01  -6.90885575e-01  -7.45309018e-01
   -7.88131056e-01  -9.03153327e-01  -9.62939343e-01  -1.08815445e+00
   -6.28481880e+00  -6.52707376e+00  -6.82551002e+00  -3.12487168e+00
   -7.38776549e+00  -7.60745911e+00  -7.81002703e+00  -7.99075593e+00
   -8.17261195e+00  -8.36740083e+00  -8.50992255e+00  -8.64562930e+00
   -8.76352693e+00  -8.86090806e+00  -8.98555146e+00  -9.05106991e+00
   -9.10232933e+00  -9.20146487e+00  -9.26284988e+00  -9.28447606e+00
   -9.36129817e+00  -9.39141543e+00  -9.42456472e+00  -3.54613958e+00
   -9.52334253e+00  -9.52621530e+00  -9.50985680e+00  -9.52778545e+00
   -9.50899152e+00  -9.51409134e+00  -9.51578053e+00  -9.50622303e+00
   -9.51761050e+00  -9.48115209e+00  -2.09196711e+00  -2.12671710e+00
   -9.48779949e+00  -9.46442482e+00  -9.47751987e+00  -9.47128940e+00
   -9.47175429e+00  -9.47288410e+00  -9.45535290e+00  -9.45697778e+00
   -9.45447228e+00  -9.45725665e+00  -9.47171992e+00  -9.44818306e+00]
 [ -2.39210834e-05  -1.98703643e-01  -3.97263035e-01  -5.96006301e-01
   -7.93971849e-01  -9.94668933e-01  -1.19336507e+00  -1.39760125e+00
   -6.29243214e-01  -6.84284302e-01  -7.46183824e-01  -8.05130017e-01
   -8.79235534e-01  -9.65105732e-01  -1.04872127e+00  -1.18923132e+00
   -1.32920323e+00  -1.49475176e+00  -1.66242619e+00  -1.84690502e+00
   -2.08753431e+00  -2.29253872e+00  -2.60180999e+00  -2.95556642e+00
   -3.28229577e+00  -3.46587596e+00  -3.57427797e+00  -3.66658471e+00
   -3.76217423e+00  -3.83035209e+00  -3.94589571e+00  -4.02904344e+00
   -4.10143713e+00  -4.19318670e+00  -4.26197031e+00  -4.35421791e+00
   -4.43629471e+00  -4.52262608e+00  -4.58949475e+00  -4.69567229e+00
   -4.76311661e+00  -4.83457017e+00  -4.92417284e+00  -5.00335995e+00
   -5.07501994e+00  -5.16364677e+00  -5.25342388e+00  -5.32108293e+00
   -5.42628939e+00  -3.13877412e+00  -5.55570283e+00  -5.29302751e+00
   -5.10759082e+00  -4.76256387e+00  -4.37492102e+00  -4.07075103e+00
   -3.87244941e+00  -3.65939539e+00  -3.48902848e+00  -3.36172326e+00
   -3.19933240e+00  -3.10658775e+00  -2.99847316e+00  -2.85415516e+00
   -2.76294369e+00  -2.68391112e+00  -2.55372181e+00  -2.52876586e+00
   -2.43026323e+00  -2.37088315e+00  -2.27679402e+00  -2.21457383e+00
   -2.15761848e+00  -2.12738288e+00  -2.05084318e+00  -1.99437511e+00
   -1.92676828e+00  -1.91817766e+00  -1.88371100e+00  -1.82540401e+00
   -1.78963951e+00  -1.74856977e+00  -1.75736307e+00  -1.66756910e+00
   -1.63444237e+00  -1.61168940e+00  -1.60457306e+00  -1.58593435e+00
   -1.53360226e+00  -1.48068686e+00  -1.46570501e+00  -1.43413091e+00
   -1.43161480e+00  -1.40825981e+00  -1.37871794e+00  -1.34484796e+00
   -1.27283179e+00  -1.26509115e+00  -1.26744853e+00  -1.26310255e+00
   -1.24936481e+00  -1.20280990e+00  -1.14939047e+00  -1.12534208e+00
   -1.12153594e+00  -1.09804283e+00  -1.09532544e+00  -1.07890940e+00
   -1.05332087e+00  -9.95303836e-01  -9.71297169e-01  -9.49328787e-01
   -9.52173412e-01  -9.29555380e-01  -9.18488209e-01  -8.95897059e-01
   -8.72208787e-01  -8.51296646e-01  -8.17787758e-01  -7.92322106e-01
   -7.74176962e-01  -7.60507232e-01  -7.29652882e-01  -7.19279494e-01
   -6.94974344e-01  -6.71893603e-01  -6.45124689e-01  -6.24265863e-01
   -6.00178928e-01  -5.78258779e-01  -5.60782316e-01  -5.35832593e-01
   -5.07792642e-01  -4.81135308e-01  -4.58111663e-01  -4.34230923e-01
   -3.97647270e-01  -3.69822074e-01  -3.35904194e-01  -3.07691943e-01
   -2.52322570e-01  -2.22237405e-01  -1.91763413e-01  -1.64150550e-01
   -1.38035520e-01  -1.03290105e-01  -7.74542612e-02  -5.48368153e-02
   -3.27710531e-02  -1.07825191e-02   1.07294103e-02   3.14437080e-02
    4.81906287e-02   6.46795319e-02   8.25925834e-02   1.01496194e-01
    1.15642407e-01   1.31942056e-01   1.51219607e-01   1.68345384e-01
    1.74902295e-01   1.89105404e-01   1.95562840e-01   2.10387127e-01
    2.23760615e-01   2.31861130e-01   2.50528383e-01   2.60640665e-01
    2.79448773e-01   2.79725875e-01   2.95493028e-01   3.03763564e-01
    3.24240954e-01   3.29182246e-01   3.39688061e-01   3.44257491e-01
    3.55251352e-01   3.56945383e-01   3.67665500e-01   3.74952147e-01
    3.96467235e-01   3.98525440e-01   3.93215198e-01   4.05571412e-01
    4.07108482e-01   4.18632149e-01   4.32429111e-01   4.31159330e-01
    4.52159930e-01   4.62693486e-01   4.91875743e-01   4.92690366e-01
    4.95271848e-01   4.92504213e-01   5.27130957e-01   5.31887108e-01
    5.29983135e-01   5.11002660e-01   5.27941864e-01   5.28463969e-01
    5.41946298e-01   5.42463235e-01   5.75089612e-01   5.79347456e-01
    5.95551734e-01   6.18990286e-01   6.17392811e-01   6.44836889e-01
    6.45924938e-01   6.66980556e-01   6.37564825e-01   6.67986973e-01
    6.64164505e-01   6.59898406e-01   6.92984921e-01   6.78309375e-01
    6.85404393e-01   7.12992860e-01   7.39518613e-01   7.53526103e-01
    8.03876315e-01   8.00385262e-01   8.01886699e-01   8.05395401e-01
    8.03685358e-01   8.21649197e-01   8.17870387e-01   8.37015294e-01
    8.72612336e-01   9.22227231e-01   9.34175106e-01   9.43684348e-01
    9.63871898e-01   9.56620033e-01   9.86580111e-01   9.73731540e-01
    1.03194703e+00   1.08604776e+00   1.09677158e+00   1.11134316e+00
    1.12376003e+00   1.13818970e+00   1.19925222e+00   1.25094720e+00
    1.28617115e+00   1.30794720e+00   1.40485723e+00   1.43838693e+00
    1.44582148e+00   1.57704347e+00   1.60239450e+00   1.72747452e+00
    9.52734910e+00   9.45613434e+00   9.45708815e+00   4.14333669e+00
    9.37896918e+00   9.25115275e+00   9.10074652e+00   8.92482811e+00
    8.75076355e+00   8.59016207e+00   8.37687980e+00   8.15994216e+00
    7.92973557e+00   7.68546334e+00   7.46857708e+00   7.20691069e+00
    6.94027724e+00   6.71487205e+00   6.46582126e+00   6.19490100e+00
    5.96575273e+00   5.71107318e+00   5.46332916e+00   1.95728699e+00
    4.99826179e+00   4.74719167e+00   4.49212248e+00   4.25807219e+00
    4.01213675e+00   3.78080293e+00   3.55181567e+00   3.32239200e+00
    3.10354281e+00   2.87270063e+00   5.86146919e-01   5.47959324e-01
    2.23308084e+00   2.01867908e+00   1.81415000e+00   1.60743188e+00
    1.40343624e+00   1.20077200e+00   9.97169348e-01   7.96816577e-01
    5.96843212e-01   3.97727425e-01   1.99091866e-01   2.39528598e-05]]
tar_pc=
[[ -9.42656326e+00  -9.43014890e+00  -9.42078796e+00  -9.42935291e+00
   -9.42879547e+00  -7.75172493e+00  -9.41406484e+00  -3.70289441e+00
   -3.59692201e+00  -3.50385525e+00  -3.44819826e+00  -3.41060560e+00
   -3.47459351e+00  -3.48382976e+00  -3.63575884e+00  -3.80236977e+00
   -3.97167172e+00  -4.18101819e+00  -4.38800265e+00  -4.57079616e+00
   -4.89525174e+00  -5.07898581e+00  -5.47234334e+00  -5.97476271e+00
   -6.06119461e+00  -5.94140728e+00  -5.81103882e+00  -5.69227337e+00
   -5.56093529e+00  -4.62876066e+00  -5.34204171e+00  -5.25294568e+00
   -5.13545969e+00  -4.99339394e+00  -4.90115995e+00  -4.77310044e+00
   -4.68351385e+00  -4.57423673e+00  -4.45997848e+00  -4.35740194e+00
   -4.25230090e+00  -4.13744179e+00  -4.04494815e+00  -3.94742496e+00
   -3.82653343e+00  -3.73167961e+00  -3.62526486e+00  -2.01307983e+00
   -1.96535575e+00  -3.29689845e+00  -2.90243233e+00  -2.55547169e+00
   -2.36091526e+00  -2.07187861e+00  -1.83960611e+00  -1.63043599e+00
   -1.44846692e+00  -1.30220677e+00  -1.15418398e+00  -1.08386987e+00
   -9.59362681e-01  -8.50224223e-01  -7.76098414e-01  -6.72264322e-01
   -5.90136998e-01  -5.17936599e-01  -4.55437949e-01  -3.86144977e-01
   -3.29775818e-01  -2.71963765e-01  -2.14421916e-01  -1.65686676e-01
   -1.19397252e-01  -7.35063752e-02  -3.04364215e-02   1.00597535e-02
    4.90159508e-02   8.64529763e-02   1.21749742e-01   1.59561350e-01
    1.91357929e-01   2.20367497e-01   2.50315567e-01   2.79675760e-01
    3.16559236e-01   3.47812262e-01   3.66294645e-01   3.97460554e-01
    4.13072605e-01   4.44983933e-01   4.83936083e-01   4.98419393e-01
    5.13692928e-01   5.35646970e-01   5.60044702e-01   5.82322022e-01
    6.08547808e-01   6.38408201e-01   6.59724639e-01   6.74549027e-01
    6.76635340e-01   7.03942131e-01   7.24677186e-01   7.70688882e-01
    7.78304538e-01   8.06094403e-01   8.12730952e-01   8.29301649e-01
    8.32305416e-01   8.45823758e-01   8.85061600e-01   9.04486832e-01
    9.33223456e-01   9.51942747e-01   9.58315691e-01   9.65537042e-01
    9.75216190e-01   1.00562042e+00   1.01489400e+00   1.05188057e+00
    1.09133939e+00   1.08725737e+00   1.12216418e+00   1.11682867e+00
    1.14720245e+00   1.15627044e+00   1.19311975e+00   1.20756517e+00
    1.23629103e+00   1.24571928e+00   1.26346919e+00   1.28352814e+00
    1.28874043e+00   1.31081812e+00   1.32644244e+00   1.33496615e+00
    1.32913317e+00   1.31809277e+00   1.32491145e+00   1.29346580e+00
    1.20206595e+00   1.15660101e+00   1.15011927e+00   1.14004278e+00
    1.11409588e+00   1.03075764e+00   9.98080437e-01   9.87199613e-01
    9.84696535e-01   9.77711828e-01   9.70676067e-01   9.33340947e-01
    8.74449047e-01   8.23541888e-01   8.28924956e-01   8.23952506e-01
    7.93952918e-01   8.02029385e-01   8.01112814e-01   7.84142426e-01
    7.49484677e-01   7.18095816e-01   7.02711221e-01   6.61462051e-01
    6.55593340e-01   6.58059854e-01   6.41831207e-01   6.32960095e-01
    6.18831019e-01   6.42941356e-01   6.12552692e-01   5.97756361e-01
    6.00228795e-01   5.71715776e-01   5.58994530e-01   5.38808807e-01
    5.38969170e-01   5.26093863e-01   5.07476334e-01   4.96745442e-01
    4.93737119e-01   4.69887306e-01   4.78328191e-01   4.64712647e-01
    4.54285891e-01   4.28408774e-01   4.34330711e-01   4.27921438e-01
    4.13053434e-01   3.99165033e-01   3.88549335e-01   3.79570169e-01
    3.75388852e-01   3.58865245e-01   3.66288800e-01   3.46731893e-01
    3.51329694e-01   3.30357221e-01   3.14295546e-01   3.10153108e-01
    2.88577789e-01   2.80711624e-01   2.76036387e-01   2.62323716e-01
    2.59326274e-01   2.33686931e-01   2.38026628e-01   2.23550323e-01
    2.22541476e-01   2.07460631e-01   1.95348116e-01   1.86337370e-01
    1.69342903e-01   1.55453440e-01   1.43162546e-01   1.31210398e-01
    1.15376688e-01   1.05009751e-01   9.03237821e-02   7.96989852e-02
    6.54877673e-02   5.03230954e-02   3.54668078e-02   2.09887317e-02
    4.31520111e-03  -1.26467516e-02  -2.99281415e-02  -4.73591837e-02
   -6.44389751e-02  -8.31896132e-02  -1.05974584e-01  -1.30266446e-01
   -1.53037649e-01  -1.75202610e-01  -1.97460823e-01  -2.19774762e-01
   -2.46263506e-01  -2.74769135e-01  -3.14510598e-01  -3.50931853e-01
   -3.87011176e-01  -4.04657460e-01  -4.40936033e-01  -5.02351618e-01
   -5.60288435e-01  -6.03105271e-01  -6.45545789e-01  -7.40410310e-01
   -7.95613523e-01  -8.41462243e-01  -9.63687601e-01  -1.01664892e+00
   -1.16357382e+00  -6.57748552e+00  -6.88007067e+00  -3.11953378e+00
   -6.50200383e+00  -7.59911822e+00  -7.79275809e+00  -7.98208085e+00
   -8.13762174e+00  -8.30851727e+00  -8.43381971e+00  -8.57787165e+00
   -8.68036110e+00  -5.29998835e+00  -8.87834227e+00  -8.94140245e+00
   -8.99727618e+00  -9.09799501e+00  -9.12920833e+00  -9.18311401e+00
   -9.23824468e+00  -9.27440894e+00  -3.54821288e+00  -3.56016526e+00
   -9.40165428e+00  -9.41230747e+00  -9.40578446e+00  -9.44841516e+00
   -5.75918363e+00  -9.42789105e+00  -9.43847619e+00  -7.61453970e+00
   -9.46135962e+00  -2.11318419e+00  -2.12071362e+00  -2.17154464e+00
   -9.42185709e+00  -9.42575437e+00  -9.41507965e+00  -9.43224449e+00
   -9.42867602e+00  -9.41932990e+00  -6.04271281e+00  -9.42839254e+00
   -9.43013718e+00  -9.42794563e+00  -9.42203302e+00  -9.41313934e+00]
 [ -2.38980496e-05  -1.98218059e-01  -3.96193724e-01  -5.95257473e-01
   -7.94442020e-01  -8.17503331e-01  -1.19331614e+00  -5.48660372e-01
   -6.10456177e-01  -6.70694347e-01  -7.35470544e-01  -8.02731763e-01
   -8.95246437e-01  -9.76132019e-01  -1.10160101e+00  -1.23989287e+00
   -1.38808550e+00  -1.56058727e+00  -1.74374753e+00  -1.92855985e+00
   -2.18774188e+00  -2.39913459e+00  -2.72702872e+00  -3.13581372e+00
   -3.34546825e+00  -3.44417643e+00  -3.53378766e+00  -3.62756263e+00
   -3.71043485e+00  -3.23105087e+00  -3.89841477e+00  -4.00522746e+00
   -4.08910766e+00  -4.15039051e+00  -4.25099604e+00  -4.31897165e+00
   -4.42040722e+00  -4.50272386e+00  -4.57871432e+00  -4.66565577e+00
   -4.74936977e+00  -4.82121365e+00  -4.91891348e+00  -5.01136333e+00
   -5.07368558e+00  -5.17043018e+00  -5.25212259e+00  -3.05168930e+00
   -3.12005523e+00  -5.48625621e+00  -5.06808957e+00  -4.68799678e+00
   -4.55637806e+00  -4.21298944e+00  -3.94807273e+00  -3.70033569e+00
   -3.48397484e+00  -3.32777185e+00  -3.14254146e+00  -3.15438057e+00
   -2.99540770e+00  -2.86020576e+00  -2.82703221e+00  -2.66712037e+00
   -2.56780381e+00  -2.49246568e+00  -2.44896486e+00  -2.35006721e+00
   -2.30932067e+00  -2.23984867e+00  -2.14105136e+00  -2.09823794e+00
   -2.06385431e+00  -1.99801055e+00  -1.93118097e+00  -1.91438917e+00
   -1.86551275e+00  -1.82706351e+00  -1.77988653e+00  -1.78183474e+00
   -1.72745526e+00  -1.66819852e+00  -1.63026952e+00  -1.59700969e+00
   -1.60799090e+00  -1.58971814e+00  -1.52044050e+00  -1.50974392e+00
   -1.44500545e+00  -1.44131697e+00  -1.45805617e+00  -1.40241336e+00
   -1.35449295e+00  -1.32755365e+00  -1.30811255e+00  -1.28483484e+00
   -1.27097191e+00  -1.26441744e+00  -1.24110850e+00  -1.20709330e+00
   -1.15323310e+00  -1.14400008e+00  -1.12407337e+00  -1.14201604e+00
   -1.10260453e+00  -1.09250339e+00  -1.05438310e+00  -1.03035744e+00
   -9.90726516e-01  -9.64901802e-01  -9.67857005e-01  -9.48294929e-01
   -9.38137875e-01  -9.17562656e-01  -8.85623459e-01  -8.55390169e-01
   -8.28051063e-01  -8.18131971e-01  -7.90824460e-01  -7.84686899e-01
   -7.78972753e-01  -7.42075884e-01  -7.31818266e-01  -6.95335789e-01
   -6.81221700e-01  -6.54141155e-01  -6.42275467e-01  -6.17683814e-01
   -5.99944517e-01  -5.72499472e-01  -5.48801618e-01  -5.25738968e-01
   -4.96514056e-01  -4.73635234e-01  -4.48000656e-01  -4.19842199e-01
   -3.87511882e-01  -3.54418846e-01  -3.26561068e-01  -2.90122646e-01
   -2.43211351e-01  -2.08816202e-01  -1.82780271e-01  -1.56695145e-01
   -1.29340164e-01  -9.77630226e-02  -7.35404029e-02  -5.19102490e-02
   -3.10488748e-02  -1.02731868e-02   1.01992594e-02   2.94295605e-02
    4.59814480e-02   6.06800814e-02   7.86200425e-02   9.56561769e-02
    1.09126228e-01   1.27460822e-01   1.44635302e-01   1.58653806e-01
    1.68108409e-01   1.76994574e-01   1.88950357e-01   1.92850807e-01
    2.06181820e-01   2.22257097e-01   2.31911559e-01   2.43861042e-01
    2.53476001e-01   2.79268588e-01   2.81512936e-01   2.90077855e-01
    3.07024101e-01   3.07763758e-01   3.16242045e-01   3.19950721e-01
    3.35561367e-01   3.43091596e-01   3.46363206e-01   3.54565380e-01
    3.68320377e-01   3.66145010e-01   3.89148409e-01   3.94585124e-01
    4.02461706e-01   3.95912186e-01   4.18644548e-01   4.30174902e-01
    4.33059347e-01   4.36505971e-01   4.43250677e-01   4.51817595e-01
    4.66398079e-01   4.65567908e-01   4.96432869e-01   4.91206381e-01
    5.20604561e-01   5.12429205e-01   5.10772282e-01   5.28613878e-01
    5.16404742e-01   5.28089388e-01   5.46711682e-01   5.47871623e-01
    5.72177280e-01   5.45829298e-01   5.89927948e-01   5.89452024e-01
    6.26169733e-01   6.25060340e-01   6.32738698e-01   6.51843071e-01
    6.43244759e-01   6.45266616e-01   6.54341786e-01   6.66494930e-01
    6.58826091e-01   6.83913503e-01   6.83757819e-01   7.19470742e-01
    7.31307294e-01   7.35684512e-01   7.49541697e-01   7.98816424e-01
    8.21190523e-01   8.02432245e-01   8.13490561e-01   8.18632368e-01
    8.16048128e-01   8.30667115e-01   8.72789177e-01   9.12216661e-01
    9.31382726e-01   9.42093292e-01   9.50240482e-01   9.56283835e-01
    9.77018106e-01   1.00087976e+00   1.05803269e+00   1.09571072e+00
    1.12631651e+00   1.10177655e+00   1.12680608e+00   1.20829850e+00
    1.27159564e+00   1.29435506e+00   1.31266262e+00   1.42893282e+00
    1.45954802e+00   1.46932143e+00   1.60363965e+00   1.61395756e+00
    1.76389715e+00   9.52916866e+00   9.53268469e+00   4.13625905e+00
    8.25447067e+00   9.24100970e+00   9.08062363e+00   8.91513896e+00
    8.71329805e+00   8.52971089e+00   8.30196674e+00   8.09599095e+00
    7.85448242e+00   4.59691782e+00   7.37946734e+00   7.11958802e+00
    6.86017708e+00   6.63936376e+00   6.37253438e+00   6.12726898e+00
    5.88733341e+00   5.63991962e+00   2.05686474e+00   1.96502845e+00
    4.93439454e+00   4.69042806e+00   4.44296237e+00   4.22260073e+00
    2.42997717e+00   3.74654781e+00   3.52296141e+00   2.66125523e+00
    3.08520028e+00   6.40275093e-01   5.94201386e-01   5.59509363e-01
    2.21756041e+00   2.01043101e+00   1.80219793e+00   1.60080533e+00
    1.39705331e+00   1.19398353e+00   6.37269498e-01   7.94408071e-01
    5.95306983e-01   3.96494742e-01   1.98047466e-01   2.38640176e-05]]
temp=
[[ -9.42656326e+00  -9.43014890e+00  -9.42078796e+00  -9.42935291e+00
   -9.42879547e+00  -7.75172493e+00  -9.41406484e+00  -3.70289441e+00
   -3.59692201e+00  -3.50385525e+00  -3.44819826e+00  -3.41060560e+00
   -3.47459351e+00  -3.48382976e+00  -3.63575884e+00  -3.80236977e+00
   -3.97167172e+00  -4.18101819e+00  -4.38800265e+00  -4.57079616e+00
   -4.89525174e+00  -5.07898581e+00  -5.47234334e+00  -5.97476271e+00
   -6.06119461e+00  -5.94140728e+00  -5.81103882e+00  -5.69227337e+00
   -5.56093529e+00  -4.62876066e+00  -5.34204171e+00  -5.25294568e+00
   -5.13545969e+00  -4.99339394e+00  -4.90115995e+00  -4.77310044e+00
   -4.68351385e+00  -4.57423673e+00  -4.45997848e+00  -4.35740194e+00
   -4.25230090e+00  -4.13744179e+00  -4.04494815e+00  -3.94742496e+00
   -3.82653343e+00  -3.73167961e+00  -3.62526486e+00  -2.01307983e+00
   -1.96535575e+00  -3.29689845e+00  -2.90243233e+00  -2.55547169e+00
   -2.36091526e+00  -2.07187861e+00  -1.83960611e+00  -1.63043599e+00
   -1.44846692e+00  -1.30220677e+00  -1.15418398e+00  -1.08386987e+00
   -9.59362681e-01  -8.50224223e-01  -7.76098414e-01  -6.72264322e-01
   -5.90136998e-01  -5.17936599e-01  -4.55437949e-01  -3.86144977e-01
   -3.29775818e-01  -2.71963765e-01  -2.14421916e-01  -1.65686676e-01
   -1.19397252e-01  -7.35063752e-02  -3.04364215e-02   1.00597535e-02
    4.90159508e-02   8.64529763e-02   1.21749742e-01   1.59561350e-01
    1.91357929e-01   2.20367497e-01   2.50315567e-01   2.79675760e-01
    3.16559236e-01   3.47812262e-01   3.66294645e-01   3.97460554e-01
    4.13072605e-01   4.44983933e-01   4.83936083e-01   4.98419393e-01
    5.13692928e-01   5.35646970e-01   5.60044702e-01   5.82322022e-01
    6.08547808e-01   6.38408201e-01   6.59724639e-01   6.74549027e-01
    6.76635340e-01   7.03942131e-01   7.24677186e-01   7.70688882e-01
    7.78304538e-01   8.06094403e-01   8.12730952e-01   8.29301649e-01
    8.32305416e-01   8.45823758e-01   8.85061600e-01   9.04486832e-01
    9.33223456e-01   9.51942747e-01   9.58315691e-01   9.65537042e-01
    9.75216190e-01   1.00562042e+00   1.01489400e+00   1.05188057e+00
    1.09133939e+00   1.08725737e+00   1.12216418e+00   1.11682867e+00
    1.14720245e+00   1.15627044e+00   1.19311975e+00   1.20756517e+00
    1.23629103e+00   1.24571928e+00   1.26346919e+00   1.28352814e+00
    1.28874043e+00   1.31081812e+00   1.32644244e+00   1.33496615e+00
    1.32913317e+00   1.31809277e+00   1.32491145e+00   1.29346580e+00
    1.20206595e+00   1.15660101e+00   1.15011927e+00   1.14004278e+00
    1.11409588e+00   1.03075764e+00   9.98080437e-01   9.87199613e-01
    9.84696535e-01   9.77711828e-01   9.70676067e-01   9.33340947e-01
    8.74449047e-01   8.23541888e-01   8.28924956e-01   8.23952506e-01
    7.93952918e-01   8.02029385e-01   8.01112814e-01   7.84142426e-01
    7.49484677e-01   7.18095816e-01   7.02711221e-01   6.61462051e-01
    6.55593340e-01   6.58059854e-01   6.41831207e-01   6.32960095e-01
    6.18831019e-01   6.42941356e-01   6.12552692e-01   5.97756361e-01
    6.00228795e-01   5.71715776e-01   5.58994530e-01   5.38808807e-01
    5.38969170e-01   5.26093863e-01   5.07476334e-01   4.96745442e-01
    4.93737119e-01   4.69887306e-01   4.78328191e-01   4.64712647e-01
    4.54285891e-01   4.28408774e-01   4.34330711e-01   4.27921438e-01
    4.13053434e-01   3.99165033e-01   3.88549335e-01   3.79570169e-01
    3.75388852e-01   3.58865245e-01   3.66288800e-01   3.46731893e-01
    3.51329694e-01   3.30357221e-01   3.14295546e-01   3.10153108e-01
    2.88577789e-01   2.80711624e-01   2.76036387e-01   2.62323716e-01
    2.59326274e-01   2.33686931e-01   2.38026628e-01   2.23550323e-01
    2.22541476e-01   2.07460631e-01   1.95348116e-01   1.86337370e-01
    1.69342903e-01   1.55453440e-01   1.43162546e-01   1.31210398e-01
    1.15376688e-01   1.05009751e-01   9.03237821e-02   7.96989852e-02
    6.54877673e-02   5.03230954e-02   3.54668078e-02   2.09887317e-02
    4.31520111e-03  -1.26467516e-02  -2.99281415e-02  -4.73591837e-02
   -6.44389751e-02  -8.31896132e-02  -1.05974584e-01  -1.30266446e-01
   -1.53037649e-01  -1.75202610e-01  -1.97460823e-01  -2.19774762e-01
   -2.46263506e-01  -2.74769135e-01  -3.14510598e-01  -3.50931853e-01
   -3.87011176e-01  -4.04657460e-01  -4.40936033e-01  -5.02351618e-01
   -5.60288435e-01  -6.03105271e-01  -6.45545789e-01  -7.40410310e-01
   -7.95613523e-01  -8.41462243e-01  -9.63687601e-01  -1.01664892e+00
   -1.16357382e+00  -6.57748552e+00  -6.88007067e+00  -3.11953378e+00
   -6.50200383e+00  -7.59911822e+00  -7.79275809e+00  -7.98208085e+00
   -8.13762174e+00  -8.30851727e+00  -8.43381971e+00  -8.57787165e+00
   -8.68036110e+00  -5.29998835e+00  -8.87834227e+00  -8.94140245e+00
   -8.99727618e+00  -9.09799501e+00  -9.12920833e+00  -9.18311401e+00
   -9.23824468e+00  -9.27440894e+00  -3.54821288e+00  -3.56016526e+00
   -9.40165428e+00  -9.41230747e+00  -9.40578446e+00  -9.44841516e+00
   -5.75918363e+00  -9.42789105e+00  -9.43847619e+00  -7.61453970e+00
   -9.46135962e+00  -2.11318419e+00  -2.12071362e+00  -2.17154464e+00
   -9.42185709e+00  -9.42575437e+00  -9.41507965e+00  -9.43224449e+00
   -9.42867602e+00  -9.41932990e+00  -6.04271281e+00  -9.42839254e+00
   -9.43013718e+00  -9.42794563e+00  -9.42203302e+00  -9.41313934e+00]
 [ -2.38980496e-05  -1.98218059e-01  -3.96193724e-01  -5.95257473e-01
   -7.94442020e-01  -8.17503331e-01  -1.19331614e+00  -5.48660372e-01
   -6.10456177e-01  -6.70694347e-01  -7.35470544e-01  -8.02731763e-01
   -8.95246437e-01  -9.76132019e-01  -1.10160101e+00  -1.23989287e+00
   -1.38808550e+00  -1.56058727e+00  -1.74374753e+00  -1.92855985e+00
   -2.18774188e+00  -2.39913459e+00  -2.72702872e+00  -3.13581372e+00
   -3.34546825e+00  -3.44417643e+00  -3.53378766e+00  -3.62756263e+00
   -3.71043485e+00  -3.23105087e+00  -3.89841477e+00  -4.00522746e+00
   -4.08910766e+00  -4.15039051e+00  -4.25099604e+00  -4.31897165e+00
   -4.42040722e+00  -4.50272386e+00  -4.57871432e+00  -4.66565577e+00
   -4.74936977e+00  -4.82121365e+00  -4.91891348e+00  -5.01136333e+00
   -5.07368558e+00  -5.17043018e+00  -5.25212259e+00  -3.05168930e+00
   -3.12005523e+00  -5.48625621e+00  -5.06808957e+00  -4.68799678e+00
   -4.55637806e+00  -4.21298944e+00  -3.94807273e+00  -3.70033569e+00
   -3.48397484e+00  -3.32777185e+00  -3.14254146e+00  -3.15438057e+00
   -2.99540770e+00  -2.86020576e+00  -2.82703221e+00  -2.66712037e+00
   -2.56780381e+00  -2.49246568e+00  -2.44896486e+00  -2.35006721e+00
   -2.30932067e+00  -2.23984867e+00  -2.14105136e+00  -2.09823794e+00
   -2.06385431e+00  -1.99801055e+00  -1.93118097e+00  -1.91438917e+00
   -1.86551275e+00  -1.82706351e+00  -1.77988653e+00  -1.78183474e+00
   -1.72745526e+00  -1.66819852e+00  -1.63026952e+00  -1.59700969e+00
   -1.60799090e+00  -1.58971814e+00  -1.52044050e+00  -1.50974392e+00
   -1.44500545e+00  -1.44131697e+00  -1.45805617e+00  -1.40241336e+00
   -1.35449295e+00  -1.32755365e+00  -1.30811255e+00  -1.28483484e+00
   -1.27097191e+00  -1.26441744e+00  -1.24110850e+00  -1.20709330e+00
   -1.15323310e+00  -1.14400008e+00  -1.12407337e+00  -1.14201604e+00
   -1.10260453e+00  -1.09250339e+00  -1.05438310e+00  -1.03035744e+00
   -9.90726516e-01  -9.64901802e-01  -9.67857005e-01  -9.48294929e-01
   -9.38137875e-01  -9.17562656e-01  -8.85623459e-01  -8.55390169e-01
   -8.28051063e-01  -8.18131971e-01  -7.90824460e-01  -7.84686899e-01
   -7.78972753e-01  -7.42075884e-01  -7.31818266e-01  -6.95335789e-01
   -6.81221700e-01  -6.54141155e-01  -6.42275467e-01  -6.17683814e-01
   -5.99944517e-01  -5.72499472e-01  -5.48801618e-01  -5.25738968e-01
   -4.96514056e-01  -4.73635234e-01  -4.48000656e-01  -4.19842199e-01
   -3.87511882e-01  -3.54418846e-01  -3.26561068e-01  -2.90122646e-01
   -2.43211351e-01  -2.08816202e-01  -1.82780271e-01  -1.56695145e-01
   -1.29340164e-01  -9.77630226e-02  -7.35404029e-02  -5.19102490e-02
   -3.10488748e-02  -1.02731868e-02   1.01992594e-02   2.94295605e-02
    4.59814480e-02   6.06800814e-02   7.86200425e-02   9.56561769e-02
    1.09126228e-01   1.27460822e-01   1.44635302e-01   1.58653806e-01
    1.68108409e-01   1.76994574e-01   1.88950357e-01   1.92850807e-01
    2.06181820e-01   2.22257097e-01   2.31911559e-01   2.43861042e-01
    2.53476001e-01   2.79268588e-01   2.81512936e-01   2.90077855e-01
    3.07024101e-01   3.07763758e-01   3.16242045e-01   3.19950721e-01
    3.35561367e-01   3.43091596e-01   3.46363206e-01   3.54565380e-01
    3.68320377e-01   3.66145010e-01   3.89148409e-01   3.94585124e-01
    4.02461706e-01   3.95912186e-01   4.18644548e-01   4.30174902e-01
    4.33059347e-01   4.36505971e-01   4.43250677e-01   4.51817595e-01
    4.66398079e-01   4.65567908e-01   4.96432869e-01   4.91206381e-01
    5.20604561e-01   5.12429205e-01   5.10772282e-01   5.28613878e-01
    5.16404742e-01   5.28089388e-01   5.46711682e-01   5.47871623e-01
    5.72177280e-01   5.45829298e-01   5.89927948e-01   5.89452024e-01
    6.26169733e-01   6.25060340e-01   6.32738698e-01   6.51843071e-01
    6.43244759e-01   6.45266616e-01   6.54341786e-01   6.66494930e-01
    6.58826091e-01   6.83913503e-01   6.83757819e-01   7.19470742e-01
    7.31307294e-01   7.35684512e-01   7.49541697e-01   7.98816424e-01
    8.21190523e-01   8.02432245e-01   8.13490561e-01   8.18632368e-01
    8.16048128e-01   8.30667115e-01   8.72789177e-01   9.12216661e-01
    9.31382726e-01   9.42093292e-01   9.50240482e-01   9.56283835e-01
    9.77018106e-01   1.00087976e+00   1.05803269e+00   1.09571072e+00
    1.12631651e+00   1.10177655e+00   1.12680608e+00   1.20829850e+00
    1.27159564e+00   1.29435506e+00   1.31266262e+00   1.42893282e+00
    1.45954802e+00   1.46932143e+00   1.60363965e+00   1.61395756e+00
    1.76389715e+00   9.52916866e+00   9.53268469e+00   4.13625905e+00
    8.25447067e+00   9.24100970e+00   9.08062363e+00   8.91513896e+00
    8.71329805e+00   8.52971089e+00   8.30196674e+00   8.09599095e+00
    7.85448242e+00   4.59691782e+00   7.37946734e+00   7.11958802e+00
    6.86017708e+00   6.63936376e+00   6.37253438e+00   6.12726898e+00
    5.88733341e+00   5.63991962e+00   2.05686474e+00   1.96502845e+00
    4.93439454e+00   4.69042806e+00   4.44296237e+00   4.22260073e+00
    2.42997717e+00   3.74654781e+00   3.52296141e+00   2.66125523e+00
    3.08520028e+00   6.40275093e-01   5.94201386e-01   5.59509363e-01
    2.21756041e+00   2.01043101e+00   1.80219793e+00   1.60080533e+00
    1.39705331e+00   1.19398353e+00   6.37269498e-01   7.94408071e-01
    5.95306983e-01   3.96494742e-01   1.98047466e-01   2.38640176e-05]]
d=79.306218813
